Fireball;255 0 0 255 69 0 255 140 0 255 69 0 255 0 0 139 0 0 255 69 0 255 140 0 255 69 0 255 0 0 139 0 0 255 69 0 255 0 0 139 0 0
Magic Missile;0 0 255 0 255 255 0 0 255 255 255 255 0 0 255 135 206 250 0 0 255 0 255 255 0 0 255 135 206 250 0 0 255 255 255 255 0 0 255 0 255 255
Cure Wounds;0 255 0 0 128 0 60 179 113 0 255 127 144 238 144 0 255 0 0 128 0 60 179 113 0 255 127 144 238 144 0 255 0 0 128 0 0 255 127 60 179 113
Lightning Bolt;255 255 0 255 255 255 0 0 255 255 255 0 255 255 255 255 140 0 255 255 0 0 0 255 255 255 0 255 255 255 255 140 0 255 255 0 255 255 255 0 0 255
Eldritch Blast;128 0 128 75 0 130 148 0 211 139 0 139 128 0 128 75 0 130 148 0 211 139 0 139 128 0 128 75 0 130 148 0 211 139 0 139 128 0 128 75 0 130
Shield;173 216 230 135 206 250 70 130 180 0 191 255 30 144 255 70 130 180 135 206 250 173 216 230 70 130 180 0 191 255 30 144 255 70 130 180 135 206 250 173 216 230
Acid Splash;50 205 50 154 205 50 0 255 0 127 255 0 50 205 50 34 139 34 0 255 127 50 205 50 154 205 50 0 255 0 127 255 0 50 205 50 34 139 34 0 255 127
Darkness;0 0 0 0 0 0 0 0 0 0 0 0 0 0 0 0 0 0 47 79 79 0 0 0 0 0 0 0 0 0 0 0 0 47 79 79 0 0 0 0 0 0
Sacred Flame;255 215 0 255 140 0 255 255 224 255 215 0 255 140 0 255 255 224 255 215 0 255 140 0 255 255 224 255 215 0 255 140 0 255 255 224 255 215 0 255 140 0
Frostbite;135 206 250 175 238 238 0 191 255 70 130 180 240 248 255 175 238 238 135 206 250 0 191 255 70 130 180 240 248 255 175 238 238 135 206 250 0 191 255 240 248 255
Healing Word;34 139 34 0 255 0 127 255 0 152 251 152 50 205 50 0 255 0 34 139 34 0 255 0 127 255 0 152 251 152 50 205 50 0 255 0 34 139 34 127 255 0
Guiding Bolt;255 255 255 240 255 240 255 250 250 255 245 238 255 250 205 240 255 255 255 255 224 255 255 255 240 255 240 255 250 250 255 245 238 255 250 205 240 255 255 255 255 224
Poison Spray;0 128 0 34 139 34 0 100 0 85 107 47 154 205 50 107 142 35 124 252 0 0 128 0 34 139 34 0 100 0 85 107 47 154 205 50 107 142 35 124 252 0
Meteor Swarm;255 69 0 255 0 0 255 140 0 255 215 0 255 0 0 139 0 0 255 69 0 255 140 0 255 69 0 255 0 0 255 140 0 255 69 0 255 215 0 255 0 0